0.0000000000000000000	1.0679830380847986E-5	-52.290904665465845
0.0021387758085062852	0.011542653768114728	-9.1749406429865580
0.0025139773949875445	0.016531407419364630	-5.8679230666577350
0.0052113738170407920	0.018633263291519594	-10.802928819477815
0.0015982383337009396	0.006369273955424712	-10.299931458833807
0.0079968886663043790	0.047614495197487320	-8.5129610823907100
0.0025227242362451430	0.017636400840144370	-13.146535690558036
0.0046516172099767020	0.010739510759284270	-15.934215817095065	
0.0043730886804143200	0.017143042763050877	-14.319096874013740
0.0045974941194506300	0.015929351040805596	-9.6257791060380880
